0 0  1.70288812241
1 0  -3.74322337457
2 0  1.76430930273
3 0  11.077099007
4 0  -4.02885104291
5 0  -2.24553355847
6 0  12.25694929
7 0  -3.54865961084
8 0  -11.8706437582
9 0  -6.87829153433
10 0  1.2342174387
11 0  3.80760089176
12 0  0.201884682064
13 0  -8.89179218859
14 0  0.333067847369
15 0  -1.61840690994
16 0  1.26305628504
17 0  3.14456515703
18 0  7.28775945394
19 0  2.87504565487
20 0  -2.69271030523
21 0  1.86585452031
22 0  -5.15794545853
23 0  -3.56433730482
24 0  1.52142925645
25 0  1.72600428779
26 0  8.47167872673
27 0  -8.26998435224
28 0  -4.3655470002
29 0  -3.0943025624
30 0  5.16941129343
31 0  -5.68366219108
32 0  0.269790024391
33 0  5.08379965525
34 0  0.39975832803
35 0  -7.30155666794
36 0  2.89289368595
37 0  -0.653742419428
38 0  2.77642503655
39 0  1.28008369524
40 0  1.52401854269
41 0  -5.30301616349
42 0  7.72697886578
43 0  7.19865516603
44 0  -4.28549296682
45 0  -5.41004234552
46 0  4.63013188363
47 0  -5.13607417742
48 0  8.24011827844
49 0  -12.0114152795
50 0  0.101992163396
51 0  2.18611753823
52 0  8.14005940565
53 0  -3.09477935209
54 0  -17.9345743742
55 0  -1.16289205766
56 0  1.15843216889
57 0  -7.95794392184
58 0  -2.72903059847
59 0  -3.39789441945
60 0  -1.78333309483
61 0  11.5417878008
62 0  5.1913263115
63 0  -2.92071332811
64 0  11.677900969
65 0  15.5375459923
66 0  9.31647547293
67 0  -3.07994312733
68 0  -11.1956888837
69 0  -9.8950685676
70 0  4.9960880123
71 0  8.06774383714
72 0  -4.25156331488
73 0  -5.46051558649
74 0  -11.671672088
75 0  2.74250383212
76 0  -2.94019389207
77 0  0.613693689775
78 0  0.488478365766
79 0  4.13949676201
80 0  0.235181150896
81 0  -1.13775177212
82 0  6.78973372643
83 0  -0.837567548074
84 0  -6.00159098511
85 0  -2.21704239413
86 0  7.47682101675
87 0  2.38263746026
88 0  5.2791983415
89 0  11.8692100405
90 0  1.83579766662
91 0  -1.73840785473
92 0  6.72474295347
93 0  7.56435588993
94 0  0.883764147314
95 0  -2.85846531774
96 0  3.31107662079
97 0  -0.871054933593
98 0  -6.59534412758
99 0  -3.46513171152
